gravida,2
